2978 3687340
2978 3687340
2978 3687340
2978 3687340
2978 3687340
2978 3687340
2978 3687340
2978 3687340
2978 3687340
2978 3687340
2978 3687340
2978 3687340
2978 3687340
16823 12056444
2978 3687340
2978 3687340
2978 3686828
2978 3686828
16921 5199224
2978 3689396
2978 3686828
3949 2680756
17161 5199216
17161 5199968
3949 2680756
2978 3686828
2978 3686828
17351 5199216
2978 3686828
3949 2681012
2978 3686828
17531 5199216
17531 5214028
17640 11921032
2978 3686828
17721 5083084
17721 5083092
17721 5103532
2978 3687340
3949 2681012
3949 2681012
3949 2681012
3949 2681012
3949 2681012
3949 2681012
3949 2681012
